=====================================

         -Board-                      

  0  0  0  0  0  0  0  0
  0  0  0  0  0  0  0  0
  0  0  0  0  0  0  0  0
  0  0  0  2  1  0  0  0
  0  0  0  1  2  0  0  0
  0  0  0  0  0  0  0  0
  0  0  0  0  0  0  0  0
  0  0  0  0  0  0  0  0

=====================================
Min Max algorithm explored 770 nodes
-------------------------------------
The Black Player  placed the piece in: 
Row: 2
Column: 3
=====================================

         -Board-                      

  0  0  0  0  0  0  0  0
  0  0  0  0  0  0  0  0
  0  0  0  1  0  0  0  0
  0  0  0  1  1  0  0  0
  0  0  0  1  2  0  0  0
  0  0  0  0  0  0  0  0
  0  0  0  0  0  0  0  0
  0  0  0  0  0  0  0  0

=====================================
The White Player placed the piece in: 
Row: 2
Column: 2
=====================================

         -Board-                      

  0  0  0  0  0  0  0  0
  0  0  0  0  0  0  0  0
  0  0  2  1  0  0  0  0
  0  0  0  2  1  0  0  0
  0  0  0  1  2  0  0  0
  0  0  0  0  0  0  0  0
  0  0  0  0  0  0  0  0
  0  0  0  0  0  0  0  0

=====================================
Min Max algorithm explored 1896 nodes
-------------------------------------
The Black Player  placed the piece in: 
Row: 2
Column: 1
=====================================

         -Board-                      

  0  0  0  0  0  0  0  0
  0  0  0  0  0  0  0  0
  0  1  1  1  0  0  0  0
  0  0  0  2  1  0  0  0
  0  0  0  1  2  0  0  0
  0  0  0  0  0  0  0  0
  0  0  0  0  0  0  0  0
  0  0  0  0  0  0  0  0

=====================================
The White Player placed the piece in: 
Row: 1
Column: 1
=====================================

         -Board-                      

  0  0  0  0  0  0  0  0
  0  2  0  0  0  0  0  0
  0  1  2  1  0  0  0  0
  0  0  0  2  1  0  0  0
  0  0  0  1  2  0  0  0
  0  0  0  0  0  0  0  0
  0  0  0  0  0  0  0  0
  0  0  0  0  0  0  0  0

=====================================
Min Max algorithm explored 1514 nodes
-------------------------------------
The Black Player  placed the piece in: 
Row: 3
Column: 2
=====================================

         -Board-                      

  0  0  0  0  0  0  0  0
  0  2  0  0  0  0  0  0
  0  1  2  1  0  0  0  0
  0  0  1  1  1  0  0  0
  0  0  0  1  2  0  0  0
  0  0  0  0  0  0  0  0
  0  0  0  0  0  0  0  0
  0  0  0  0  0  0  0  0

=====================================
The White Player placed the piece in: 
Row: 2
Column: 4
=====================================

         -Board-                      

  0  0  0  0  0  0  0  0
  0  2  0  0  0  0  0  0
  0  1  2  2  2  0  0  0
  0  0  1  1  2  0  0  0
  0  0  0  1  2  0  0  0
  0  0  0  0  0  0  0  0
  0  0  0  0  0  0  0  0
  0  0  0  0  0  0  0  0

=====================================
Min Max algorithm explored 9355 nodes
-------------------------------------
The Black Player  placed the piece in: 
Row: 0
Column: 0
=====================================

         -Board-                      

  1  0  0  0  0  0  0  0
  0  1  0  0  0  0  0  0
  0  1  1  2  2  0  0  0
  0  0  1  1  2  0  0  0
  0  0  0  1  2  0  0  0
  0  0  0  0  0  0  0  0
  0  0  0  0  0  0  0  0
  0  0  0  0  0  0  0  0

=====================================
The White Player placed the piece in: 
Row: 2
Column: 0
=====================================

         -Board-                      

  1  0  0  0  0  0  0  0
  0  1  0  0  0  0  0  0
  2  2  2  2  2  0  0  0
  0  0  1  1  2  0  0  0
  0  0  0  1  2  0  0  0
  0  0  0  0  0  0  0  0
  0  0  0  0  0  0  0  0
  0  0  0  0  0  0  0  0

=====================================
Min Max algorithm explored 7033 nodes
-------------------------------------
The Black Player  placed the piece in: 
Row: 1
Column: 0
=====================================

         -Board-                      

  1  0  0  0  0  0  0  0
  1  1  0  0  0  0  0  0
  2  1  2  2  2  0  0  0
  0  0  1  1  2  0  0  0
  0  0  0  1  2  0  0  0
  0  0  0  0  0  0  0  0
  0  0  0  0  0  0  0  0
  0  0  0  0  0  0  0  0

=====================================
The White Player placed the piece in: 
Row: 4
Column: 2
=====================================

         -Board-                      

  1  0  0  0  0  0  0  0
  1  1  0  0  0  0  0  0
  2  1  2  2  2  0  0  0
  0  0  2  2  2  0  0  0
  0  0  2  2  2  0  0  0
  0  0  0  0  0  0  0  0
  0  0  0  0  0  0  0  0
  0  0  0  0  0  0  0  0

=====================================
Min Max algorithm explored 1640 nodes
-------------------------------------
The Black Player  placed the piece in: 
Row: 2
Column: 5
=====================================

         -Board-                      

  1  0  0  0  0  0  0  0
  1  1  0  0  0  0  0  0
  2  1  1  1  1  1  0  0
  0  0  2  2  2  0  0  0
  0  0  2  2  2  0  0  0
  0  0  0  0  0  0  0  0
  0  0  0  0  0  0  0  0
  0  0  0  0  0  0  0  0

=====================================
The White Player placed the piece in: 
Row: 2
Column: 6
=====================================

         -Board-                      

  1  0  0  0  0  0  0  0
  1  1  0  0  0  0  0  0
  2  2  2  2  2  2  2  0
  0  0  2  2  2  0  0  0
  0  0  2  2  2  0  0  0
  0  0  0  0  0  0  0  0
  0  0  0  0  0  0  0  0
  0  0  0  0  0  0  0  0

=====================================
Min Max algorithm explored 1655 nodes
-------------------------------------
The Black Player  placed the piece in: 
Row: 3
Column: 0
=====================================

         -Board-                      

  1  0  0  0  0  0  0  0
  1  1  0  0  0  0  0  0
  1  2  2  2  2  2  2  0
  1  0  2  2  2  0  0  0
  0  0  2  2  2  0  0  0
  0  0  0  0  0  0  0  0
  0  0  0  0  0  0  0  0
  0  0  0  0  0  0  0  0

=====================================
The White Player placed the piece in: 
Row: 0
Column: 1
=====================================

         -Board-                      

  1  2  0  0  0  0  0  0
  1  2  0  0  0  0  0  0
  1  2  2  2  2  2  2  0
  1  0  2  2  2  0  0  0
  0  0  2  2  2  0  0  0
  0  0  0  0  0  0  0  0
  0  0  0  0  0  0  0  0
  0  0  0  0  0  0  0  0

=====================================
Min Max algorithm explored 1249 nodes
-------------------------------------
The Black Player  placed the piece in: 
Row: 0
Column: 2
=====================================

         -Board-                      

  1  1  1  0  0  0  0  0
  1  1  0  0  0  0  0  0
  1  2  2  2  2  2  2  0
  1  0  2  2  2  0  0  0
  0  0  2  2  2  0  0  0
  0  0  0  0  0  0  0  0
  0  0  0  0  0  0  0  0
  0  0  0  0  0  0  0  0

=====================================
No moves for Player 2
=====================================

         -Board-                      

  1  1  1  0  0  0  0  0
  1  1  0  0  0  0  0  0
  1  2  2  2  2  2  2  0
  1  0  2  2  2  0  0  0
  0  0  2  2  2  0  0  0
  0  0  0  0  0  0  0  0
  0  0  0  0  0  0  0  0
  0  0  0  0  0  0  0  0

=====================================
Min Max algorithm explored 1515 nodes
-------------------------------------
The Black Player  placed the piece in: 
Row: 1
Column: 2
=====================================

         -Board-                      

  1  1  1  0  0  0  0  0
  1  1  1  0  0  0  0  0
  1  1  2  2  2  2  2  0
  1  0  2  2  2  0  0  0
  0  0  2  2  2  0  0  0
  0  0  0  0  0  0  0  0
  0  0  0  0  0  0  0  0
  0  0  0  0  0  0  0  0

=====================================
No moves for Player 2
=====================================

         -Board-                      

  1  1  1  0  0  0  0  0
  1  1  1  0  0  0  0  0
  1  1  2  2  2  2  2  0
  1  0  2  2  2  0  0  0
  0  0  2  2  2  0  0  0
  0  0  0  0  0  0  0  0
  0  0  0  0  0  0  0  0
  0  0  0  0  0  0  0  0

=====================================
Min Max algorithm explored 2320 nodes
-------------------------------------
The Black Player  placed the piece in: 
Row: 2
Column: 7
=====================================

         -Board-                      

  1  1  1  0  0  0  0  0
  1  1  1  0  0  0  0  0
  1  1  1  1  1  1  1  1
  1  0  2  2  2  0  0  0
  0  0  2  2  2  0  0  0
  0  0  0  0  0  0  0  0
  0  0  0  0  0  0  0  0
  0  0  0  0  0  0  0  0

=====================================
The White Player placed the piece in: 
Row: 1
Column: 4
=====================================

         -Board-                      

  1  1  1  0  0  0  0  0
  1  1  1  0  2  0  0  0
  1  1  1  2  2  1  1  1
  1  0  2  2  2  0  0  0
  0  0  2  2  2  0  0  0
  0  0  0  0  0  0  0  0
  0  0  0  0  0  0  0  0
  0  0  0  0  0  0  0  0

=====================================
Min Max algorithm explored 4020 nodes
-------------------------------------
The Black Player  placed the piece in: 
Row: 0
Column: 3
=====================================

         -Board-                      

  1  1  1  1  0  0  0  0
  1  1  1  0  1  0  0  0
  1  1  1  2  2  1  1  1
  1  0  2  2  2  0  0  0
  0  0  2  2  2  0  0  0
  0  0  0  0  0  0  0  0
  0  0  0  0  0  0  0  0
  0  0  0  0  0  0  0  0

=====================================
The White Player placed the piece in: 
Row: 0
Column: 4
=====================================

         -Board-                      

  1  1  1  1  2  0  0  0
  1  1  1  0  2  0  0  0
  1  1  1  2  2  1  1  1
  1  0  2  2  2  0  0  0
  0  0  2  2  2  0  0  0
  0  0  0  0  0  0  0  0
  0  0  0  0  0  0  0  0
  0  0  0  0  0  0  0  0

=====================================
Min Max algorithm explored 3008 nodes
-------------------------------------
The Black Player  placed the piece in: 
Row: 0
Column: 5
=====================================

         -Board-                      

  1  1  1  1  1  1  0  0
  1  1  1  0  2  0  0  0
  1  1  1  2  2  1  1  1
  1  0  2  2  2  0  0  0
  0  0  2  2  2  0  0  0
  0  0  0  0  0  0  0  0
  0  0  0  0  0  0  0  0
  0  0  0  0  0  0  0  0

=====================================
The White Player placed the piece in: 
Row: 1
Column: 6
=====================================

         -Board-                      

  1  1  1  1  1  1  0  0
  1  1  1  0  2  0  2  0
  1  1  1  2  2  2  1  1
  1  0  2  2  2  0  0  0
  0  0  2  2  2  0  0  0
  0  0  0  0  0  0  0  0
  0  0  0  0  0  0  0  0
  0  0  0  0  0  0  0  0

=====================================
Min Max algorithm explored 4598 nodes
-------------------------------------
The Black Player  placed the piece in: 
Row: 3
Column: 6
=====================================

         -Board-                      

  1  1  1  1  1  1  0  0
  1  1  1  0  1  0  2  0
  1  1  1  2  2  1  1  1
  1  0  2  2  2  0  1  0
  0  0  2  2  2  0  0  0
  0  0  0  0  0  0  0  0
  0  0  0  0  0  0  0  0
  0  0  0  0  0  0  0  0

=====================================
The White Player placed the piece in: 
Row: 4
Column: 6
=====================================

         -Board-                      

  1  1  1  1  1  1  0  0
  1  1  1  0  1  0  2  0
  1  1  1  2  2  1  2  1
  1  0  2  2  2  0  2  0
  0  0  2  2  2  0  2  0
  0  0  0  0  0  0  0  0
  0  0  0  0  0  0  0  0
  0  0  0  0  0  0  0  0

=====================================
Min Max algorithm explored 2877 nodes
-------------------------------------
The Black Player  placed the piece in: 
Row: 0
Column: 7
=====================================

         -Board-                      

  1  1  1  1  1  1  0  1
  1  1  1  0  1  0  1  0
  1  1  1  2  2  1  2  1
  1  0  2  2  2  0  2  0
  0  0  2  2  2  0  2  0
  0  0  0  0  0  0  0  0
  0  0  0  0  0  0  0  0
  0  0  0  0  0  0  0  0

=====================================
The White Player placed the piece in: 
Row: 0
Column: 6
=====================================

         -Board-                      

  1  1  1  1  1  1  2  1
  1  1  1  0  1  0  2  0
  1  1  1  2  2  1  2  1
  1  0  2  2  2  0  2  0
  0  0  2  2  2  0  2  0
  0  0  0  0  0  0  0  0
  0  0  0  0  0  0  0  0
  0  0  0  0  0  0  0  0

=====================================
Min Max algorithm explored 1546 nodes
-------------------------------------
The Black Player  placed the piece in: 
Row: 4
Column: 1
=====================================

         -Board-                      

  1  1  1  1  1  1  2  1
  1  1  1  0  1  0  2  0
  1  1  1  1  2  1  2  1
  1  0  1  2  2  0  2  0
  0  1  2  2  2  0  2  0
  0  0  0  0  0  0  0  0
  0  0  0  0  0  0  0  0
  0  0  0  0  0  0  0  0

=====================================
The White Player placed the piece in: 
Row: 1
Column: 3
=====================================

         -Board-                      

  1  1  1  1  1  1  2  1
  1  1  1  2  1  0  2  0
  1  1  1  2  2  1  2  1
  1  0  1  2  2  0  2  0
  0  1  2  2  2  0  2  0
  0  0  0  0  0  0  0  0
  0  0  0  0  0  0  0  0
  0  0  0  0  0  0  0  0

=====================================
Min Max algorithm explored 3034 nodes
-------------------------------------
The Black Player  placed the piece in: 
Row: 3
Column: 5
=====================================

         -Board-                      

  1  1  1  1  1  1  2  1
  1  1  1  1  1  0  2  0
  1  1  1  2  1  1  2  1
  1  0  1  1  1  1  2  0
  0  1  2  2  2  0  2  0
  0  0  0  0  0  0  0  0
  0  0  0  0  0  0  0  0
  0  0  0  0  0  0  0  0

=====================================
The White Player placed the piece in: 
Row: 3
Column: 1
=====================================

         -Board-                      

  1  1  1  1  1  1  2  1
  1  1  1  1  1  0  2  0
  1  1  1  2  1  1  2  1
  1  2  2  2  2  2  2  0
  0  1  2  2  2  0  2  0
  0  0  0  0  0  0  0  0
  0  0  0  0  0  0  0  0
  0  0  0  0  0  0  0  0

=====================================
Min Max algorithm explored 3445 nodes
-------------------------------------
The Black Player  placed the piece in: 
Row: 3
Column: 7
=====================================

         -Board-                      

  1  1  1  1  1  1  2  1
  1  1  1  1  1  0  2  0
  1  1  1  2  1  1  2  1
  1  1  1  1  1  1  1  1
  0  1  2  2  2  0  2  0
  0  0  0  0  0  0  0  0
  0  0  0  0  0  0  0  0
  0  0  0  0  0  0  0  0

=====================================
The White Player placed the piece in: 
Row: 1
Column: 5
=====================================

         -Board-                      

  1  1  1  1  1  1  2  1
  1  1  1  1  1  2  2  0
  1  1  1  2  2  1  2  1
  1  1  1  2  1  1  1  1
  0  1  2  2  2  0  2  0
  0  0  0  0  0  0  0  0
  0  0  0  0  0  0  0  0
  0  0  0  0  0  0  0  0

=====================================
Min Max algorithm explored 2430 nodes
-------------------------------------
The Black Player  placed the piece in: 
Row: 1
Column: 7
=====================================

         -Board-                      

  1  1  1  1  1  1  2  1
  1  1  1  1  1  1  1  1
  1  1  1  2  2  1  1  1
  1  1  1  2  1  1  1  1
  0  1  2  2  2  0  2  0
  0  0  0  0  0  0  0  0
  0  0  0  0  0  0  0  0
  0  0  0  0  0  0  0  0

=====================================
The White Player placed the piece in: 
Row: 5
Column: 0
=====================================

         -Board-                      

  1  1  1  1  1  1  2  1
  1  1  1  1  1  1  1  1
  1  1  1  2  2  1  1  1
  1  1  2  2  1  1  1  1
  0  2  2  2  2  0  2  0
  2  0  0  0  0  0  0  0
  0  0  0  0  0  0  0  0
  0  0  0  0  0  0  0  0

=====================================
Min Max algorithm explored 1391 nodes
-------------------------------------
The Black Player  placed the piece in: 
Row: 5
Column: 1
=====================================

         -Board-                      

  1  1  1  1  1  1  2  1
  1  1  1  1  1  1  1  1
  1  1  1  2  1  1  1  1
  1  1  2  1  1  1  1  1
  0  1  1  2  2  0  2  0
  2  1  0  0  0  0  0  0
  0  0  0  0  0  0  0  0
  0  0  0  0  0  0  0  0

=====================================
The White Player placed the piece in: 
Row: 6
Column: 0
=====================================

         -Board-                      

  1  1  1  1  1  1  2  1
  1  1  1  1  1  2  1  1
  1  1  1  2  2  1  1  1
  1  1  2  2  1  1  1  1
  0  1  2  2  2  0  2  0
  2  2  0  0  0  0  0  0
  2  0  0  0  0  0  0  0
  0  0  0  0  0  0  0  0

=====================================
Min Max algorithm explored 4291 nodes
-------------------------------------
The Black Player  placed the piece in: 
Row: 4
Column: 5
=====================================

         -Board-                      

  1  1  1  1  1  1  2  1
  1  1  1  1  1  2  1  1
  1  1  1  2  2  1  1  1
  1  1  2  2  1  1  1  1
  0  1  1  1  1  1  2  0
  2  2  0  0  0  0  0  0
  2  0  0  0  0  0  0  0
  0  0  0  0  0  0  0  0

=====================================
The White Player placed the piece in: 
Row: 4
Column: 0
=====================================

         -Board-                      

  1  1  1  1  1  1  2  1
  1  1  1  1  1  2  1  1
  1  1  1  2  2  1  1  1
  1  1  2  2  1  1  1  1
  2  2  2  2  2  2  2  0
  2  2  0  0  0  0  0  0
  2  0  0  0  0  0  0  0
  0  0  0  0  0  0  0  0

=====================================
Min Max algorithm explored 4738 nodes
-------------------------------------
The Black Player  placed the piece in: 
Row: 5
Column: 2
=====================================

         -Board-                      

  1  1  1  1  1  1  2  1
  1  1  1  1  1  2  1  1
  1  1  1  2  2  1  1  1
  1  1  1  2  1  1  1  1
  2  1  1  1  2  2  2  0
  2  2  1  0  0  0  0  0
  2  0  0  0  0  0  0  0
  0  0  0  0  0  0  0  0

=====================================
The White Player placed the piece in: 
Row: 5
Column: 3
=====================================

         -Board-                      

  1  1  1  1  1  1  2  1
  1  1  1  1  1  2  1  1
  1  1  1  2  2  1  1  1
  1  1  1  2  1  1  1  1
  2  1  1  2  2  2  2  0
  2  2  2  2  0  0  0  0
  2  0  0  0  0  0  0  0
  0  0  0  0  0  0  0  0

=====================================
Min Max algorithm explored 4410 nodes
-------------------------------------
The Black Player  placed the piece in: 
Row: 4
Column: 7
=====================================

         -Board-                      

  1  1  1  1  1  1  2  1
  1  1  1  1  1  2  1  1
  1  1  1  2  2  1  1  1
  1  1  1  2  1  1  1  1
  2  1  1  1  1  1  1  1
  2  2  2  2  0  0  0  0
  2  0  0  0  0  0  0  0
  0  0  0  0  0  0  0  0

=====================================
The White Player placed the piece in: 
Row: 5
Column: 6
=====================================

         -Board-                      

  1  1  1  1  1  1  2  1
  1  1  1  1  1  2  2  1
  1  1  1  2  2  1  2  1
  1  1  1  2  2  1  2  1
  2  1  1  1  1  2  2  1
  2  2  2  2  0  0  2  0
  2  0  0  0  0  0  0  0
  0  0  0  0  0  0  0  0

=====================================
Min Max algorithm explored 5852 nodes
-------------------------------------
The Black Player  placed the piece in: 
Row: 5
Column: 4
=====================================

         -Board-                      

  1  1  1  1  1  1  2  1
  1  1  1  1  1  2  2  1
  1  1  1  2  2  1  2  1
  1  1  1  2  2  1  1  1
  2  1  1  1  1  1  2  1
  2  2  2  2  1  0  2  0
  2  0  0  0  0  0  0  0
  0  0  0  0  0  0  0  0

=====================================
The White Player placed the piece in: 
Row: 5
Column: 5
=====================================

         -Board-                      

  1  1  1  1  1  1  2  1
  1  1  1  1  1  2  2  1
  1  1  1  2  2  2  2  1
  1  1  1  2  2  2  1  1
  2  1  1  1  2  2  2  1
  2  2  2  2  2  2  2  0
  2  0  0  0  0  0  0  0
  0  0  0  0  0  0  0  0

=====================================
Min Max algorithm explored 4628 nodes
-------------------------------------
The Black Player  placed the piece in: 
Row: 5
Column: 7
=====================================

         -Board-                      

  1  1  1  1  1  1  2  1
  1  1  1  1  1  2  2  1
  1  1  1  2  1  2  2  1
  1  1  1  2  2  1  1  1
  2  1  1  1  2  2  1  1
  2  2  2  2  2  2  2  1
  2  0  0  0  0  0  0  0
  0  0  0  0  0  0  0  0

=====================================
No moves for Player 2
=====================================

         -Board-                      

  1  1  1  1  1  1  2  1
  1  1  1  1  1  2  2  1
  1  1  1  2  1  2  2  1
  1  1  1  2  2  1  1  1
  2  1  1  1  2  2  1  1
  2  2  2  2  2  2  2  1
  2  0  0  0  0  0  0  0
  0  0  0  0  0  0  0  0

=====================================
Min Max algorithm explored 5044 nodes
-------------------------------------
The Black Player  placed the piece in: 
Row: 6
Column: 7
=====================================

         -Board-                      

  1  1  1  1  1  1  2  1
  1  1  1  1  1  2  2  1
  1  1  1  1  1  2  2  1
  1  1  1  2  1  1  1  1
  2  1  1  1  2  1  1  1
  2  2  2  2  2  2  1  1
  2  0  0  0  0  0  0  1
  0  0  0  0  0  0  0  0

=====================================
The White Player placed the piece in: 
Row: 6
Column: 6
=====================================

         -Board-                      

  1  1  1  1  1  1  2  1
  1  1  1  1  1  2  2  1
  1  1  1  1  1  2  2  1
  1  1  1  2  1  1  2  1
  2  1  1  1  2  1  2  1
  2  2  2  2  2  2  2  1
  2  0  0  0  0  0  2  1
  0  0  0  0  0  0  0  0

=====================================
Min Max algorithm explored 4923 nodes
-------------------------------------
The Black Player  placed the piece in: 
Row: 6
Column: 2
=====================================

         -Board-                      

  1  1  1  1  1  1  2  1
  1  1  1  1  1  2  2  1
  1  1  1  1  1  2  2  1
  1  1  1  2  1  1  2  1
  2  1  1  1  1  1  2  1
  2  2  1  1  2  2  2  1
  2  0  1  0  0  0  2  1
  0  0  0  0  0  0  0  0

=====================================
The White Player placed the piece in: 
Row: 7
Column: 1
=====================================

         -Board-                      

  1  1  1  1  1  1  2  1
  1  1  1  1  1  2  2  1
  1  1  1  1  1  2  2  1
  1  1  1  2  1  2  2  1
  2  1  1  1  2  1  2  1
  2  2  1  2  2  2  2  1
  2  0  2  0  0  0  2  1
  0  2  0  0  0  0  0  0

=====================================
Min Max algorithm explored 2661 nodes
-------------------------------------
The Black Player  placed the piece in: 
Row: 6
Column: 3
=====================================

         -Board-                      

  1  1  1  1  1  1  2  1
  1  1  1  1  1  2  2  1
  1  1  1  1  1  2  2  1
  1  1  1  2  1  2  2  1
  2  1  1  1  2  1  2  1
  2  2  1  1  1  2  2  1
  2  0  2  1  0  0  2  1
  0  2  0  0  0  0  0  0

=====================================
The White Player placed the piece in: 
Row: 6
Column: 1
=====================================

         -Board-                      

  1  1  1  1  1  1  2  1
  1  1  1  1  1  2  2  1
  1  1  1  1  1  2  2  1
  1  1  1  2  2  2  2  1
  2  1  1  2  2  1  2  1
  2  2  2  1  1  2  2  1
  2  2  2  1  0  0  2  1
  0  2  0  0  0  0  0  0

=====================================
Min Max algorithm explored 1283 nodes
-------------------------------------
The Black Player  placed the piece in: 
Row: 6
Column: 4
=====================================

         -Board-                      

  1  1  1  1  1  1  2  1
  1  1  1  1  1  2  2  1
  1  1  1  1  1  2  2  1
  1  1  1  2  2  2  2  1
  2  1  1  2  2  1  1  1
  2  2  2  1  1  1  2  1
  2  2  2  1  1  0  2  1
  0  2  0  0  0  0  0  0

=====================================
The White Player placed the piece in: 
Row: 6
Column: 5
=====================================

         -Board-                      

  1  1  1  1  1  1  2  1
  1  1  1  1  1  2  2  1
  1  1  1  1  1  2  2  1
  1  1  1  2  2  2  2  1
  2  1  1  2  2  2  1  1
  2  2  2  1  2  2  2  1
  2  2  2  2  2  2  2  1
  0  2  0  0  0  0  0  0

=====================================
Min Max algorithm explored 391 nodes
-------------------------------------
The Black Player  placed the piece in: 
Row: 7
Column: 0
=====================================

         -Board-                      

  1  1  1  1  1  1  2  1
  1  1  1  1  1  2  1  1
  1  1  1  1  1  1  2  1
  1  1  1  2  1  2  2  1
  1  1  1  1  2  2  1  1
  1  2  1  1  2  2  2  1
  1  1  2  2  2  2  2  1
  1  2  0  0  0  0  0  0

=====================================
No moves for Player 2
=====================================

         -Board-                      

  1  1  1  1  1  1  2  1
  1  1  1  1  1  2  1  1
  1  1  1  1  1  1  2  1
  1  1  1  2  1  2  2  1
  1  1  1  1  2  2  1  1
  1  2  1  1  2  2  2  1
  1  1  2  2  2  2  2  1
  1  2  0  0  0  0  0  0

=====================================
Min Max algorithm explored 200 nodes
-------------------------------------
The Black Player  placed the piece in: 
Row: 7
Column: 2
=====================================

         -Board-                      

  1  1  1  1  1  1  2  1
  1  1  1  1  1  2  1  1
  1  1  1  1  1  1  2  1
  1  1  1  2  1  2  1  1
  1  1  1  1  2  1  1  1
  1  2  1  1  1  2  2  1
  1  1  1  1  2  2  2  1
  1  1  1  0  0  0  0  0

=====================================
The White Player placed the piece in: 
Row: 7
Column: 3
=====================================

         -Board-                      

  1  1  1  1  1  1  2  1
  1  1  1  1  1  2  1  1
  1  1  1  1  1  1  2  1
  1  1  1  2  1  2  1  1
  1  1  1  2  2  1  1  1
  1  2  1  2  1  2  2  1
  1  1  2  2  2  2  2  1
  1  1  1  2  0  0  0  0

=====================================
Min Max algorithm explored 35 nodes
-------------------------------------
The Black Player  placed the piece in: 
Row: 7
Column: 4
=====================================

         -Board-                      

  1  1  1  1  1  1  2  1
  1  1  1  1  1  2  1  1
  1  1  1  1  1  1  2  1
  1  1  1  2  1  2  1  1
  1  1  1  2  2  1  1  1
  1  2  1  2  1  2  1  1
  1  1  2  1  1  1  2  1
  1  1  1  1  1  0  0  0

=====================================
The White Player placed the piece in: 
Row: 7
Column: 5
=====================================

         -Board-                      

  1  1  1  1  1  1  2  1
  1  1  1  1  1  2  1  1
  1  1  1  1  1  1  2  1
  1  1  1  2  1  2  1  1
  1  1  1  2  2  1  1  1
  1  2  1  2  1  2  1  1
  1  1  2  1  2  2  2  1
  1  1  1  1  1  2  0  0

=====================================
Min Max algorithm explored 4 nodes
-------------------------------------
The Black Player  placed the piece in: 
Row: 7
Column: 7
=====================================

         -Board-                      

  1  1  1  1  1  1  2  1
  1  1  1  1  1  2  1  1
  1  1  1  1  1  1  2  1
  1  1  1  1  1  2  1  1
  1  1  1  2  1  1  1  1
  1  2  1  2  1  1  1  1
  1  1  2  1  2  2  1  1
  1  1  1  1  1  2  0  1

=====================================
The White Player placed the piece in: 
Row: 7
Column: 6
=====================================

         -Board-                      

  1  1  1  1  1  1  2  1
  1  1  1  1  1  2  1  1
  1  1  1  1  1  1  2  1
  1  1  1  1  1  2  2  1
  1  1  1  2  1  1  2  1
  1  2  1  2  1  1  2  1
  1  1  2  1  2  2  2  1
  1  1  1  1  1  2  2  1

=====================================


================================
            RESULTS
-------------------------------
And the winner is: Black Player

Algorithm: Min Max (Alpha Beta)

Search depth = 6

Player | Black || White |
Score  |  48   ||   16  |
profit |  32   ||  -32  |

================================
